91
67
84
150
169
174
128
158
162
64
55
145
81
77
111
91
195
142
77
86
191
104
52
53
192
132
71
166
118
145
97
176
121
188
119
162
67
99
135
194
103
161
172
83
173
64
191
111
103
168
97
94
162
107
137
159
73
191
129
78
66
85
190
92
188
156
90
142
114
198
196
155
190
179
120
100
56
101
143
148
179
73
134
54
56
190
66
76
181
108
194
89
76
123
187
138
118
182
179
91
83
115
189
158
104
80
77
106
73
86
121
145
124
72
170
179
127
173
197
62
186
140
61
86
55
67
155
174
181
102
100
150
191
174
66
180
107
91
57
137
57
187
53
83
145
109
159
58
121
188
172
96
106
180
113
118
50
91
62
55
60
109
74
187
148
83
195
191
52
100
141
136
124
120
146
71
98
149
68
84
81
134
103
99
68
88
50
88
177
67
178
93
98
183
157
71
110
67
63
114
109
166
85
101
100
199
69
106
198
53
124
108
194
109
189
52
95
135
143
143
123
137
114
103
148
50
158
68
80
196
148
181
139
148
159
57
122
122
138
192
88
79
90
157
58
91
65
138
156
161
52
134
172
155
128
196
162
136
175
133
69
92
194
116
181
98
172
101
171
199
157
176
192
139
175
112
100
160
53
69
61
188
101
89
155
123
102
135
82
135
138
126
167
107
132
82
169
104
121
139
76
179
168
92
175
105
184
99
141
112
195
110
168
53
139
173
129
96
87
129
99
87
116
99
93
145
197
66
136
105
88
132
55
134
164
51
166
171
136
163
163
105
185
153
62
58
82
145
163
56
171
108
146
132
81
144
146
172
129
111
185
100
123
166
94
109
92
89
53
124
104
160
145
149
186
113
174
172
118
118
87
55
158
91
52
75
127
114
64
74
134
124
122
109
183
70
187
147
68
127
123
70
163
168
142
85
152
130
163
177
52
99
127
125
93
174
123
172
61
131
153
182
155
193
125
181
142
192
172
136
64
150
187
160
113
124
70
120
135
133
111
160
196
67
135
150
190
94
195
74
169
75
76
144
58
102
171
166
78
143
51
184
168
164
169
102
150
137
60
176
60
157
120
115
176
127
93
158
164
59
132
186
65
87
77
124
125
177
129
178
123
70
52
162
173
196
187
111
195
175
114
60
102
66
130
126
111
71
161
97
53
120
140
124
88
63
190
51
112
79
50
63
108
78
165
157
127
50
158
189
103
60
57
124
77
58
163
87
51
100
110
128
143
134
105
140
111
104
135
156
122
150
123
135
56
166
176
107
176
57
137
71
69
161
196
172
117
112
167
146
85
91
173
179
129
115
159
132
146
55
103
62
184
84
104
72
57
169
82
163
107
133
61
135
67
98
75
88
173
142
104
111
141
125
59
175
121
70
176
184
105
183
50
198
129
101
93
184
187
184
56
93
176
105
112
98
181
50
63
191
105
155
142
112
61
177
74
178
152
193
146
123
190
63
175
172
118
60
167
132
112
145
169
181
140
138
85
90
197
89
90
195
53
164
101
90
194
58
85
109
142
155
114
81
53
129
125
108
92
197
199
56
111
177
67
191
79
90
113
124
101
127
165
183
163
192
74
101
192
59
170
78
177
84
75
86
98
120
187
197
104
103
121
63
56
163
60
171
89
140
64
92
169
113
141
154
68
132
50
55
75
89
53
72
148
197
134
198
171
64
163
175
145
112
196
128
169
162
169
85
139
94
65
140
195
58
168
170
51
173
182
72
52
87
120
113
101
53
73
127
100
169
115
65
78
143
197
188
143
87
109
113
149
81
138
142
58
160
121
158
154
88
96
140
199
143
180
170
198
117
86
133
85
176
85
188
153
179
174
198
173
109
57
66
194
155
118
76
111
75
155
151
99
96
184
115
164
142
175
113
142
196
98
72
76
106
123
179
54
155
126
162
75
143
115
186
86
91
114
194
56
102
136
138
132
55
65
131
130
191
125
111
137
186
90
50
162
84
143
53
166
152
108
112
83
104
153
184
103
56
198
74
67
63
159
78
150
130
68
108
100
55
61
164
103
126
143
109
102
161
189
98
132
53
124
170
52
73
131
69
178
59
158
169
171
53
95
81
154
142
185
163
148
89
172
138
187
160
161
134
108
111
109
93
65
119
87
119
108
50
71
64
167
65
155
65
80
89
112
88
82
54
85
60
84
74
180
165
51
141
165
79
60
148
173
88
177
182
156
89
63
158
91
90
123
113
78
184
78
50
171
135
124
71
133
117
103
95
118
175
126
79
50
98
59
93
86
130
116
149
