1174 
27 -4 2 -5 7.360329 1.000000 
25 -5 2 -5 -44.715416 -10.363631 
22 -3 2 -5 -54.720169 -60.958672 
20 1 2 5 -33.891499 -39.540001 
29 5 10 -5 -141.448334 -125.562401 
27 -3 2 -5 -33.907967 -33.979416 
26 -3 2 -5 -94.522186 -93.470016 
24 -2 2 5 -97.017143 -31.606075 
22 2 2 3 -100.000000 -80.000000 
28 -3 2 -5 -52.552574 -9.975079 
24 -1 2 -5 -17.399170 -97.187325 
22 2 2 -5 -79.000000 -60.000000 
26 -3 2 5 -34.922279 -99.169571 
22 -2 2 5 -60.770103 -38.184757 
21 -4 2 3 -13.607777 -53.455219 
19 -5 2 5 -90.405472 -69.350914 
18 -6 2 3 -28.141344 -77.225899 
16 -7 2 0 -143.029083 -172.505081 
14 -7 2 -3 -72.961647 -146.709473 
12 -4 2 5 -92.698868 -116.655190 
10 0 2 3 -160.000000 -151.332642 
10 0 10 -5 -6.104103 -40.634716 
27 3 8 -5 -14.813704 -8.914598 
27 4 8 -5 -18.558277 -21.222942 
21 -3 2 3 -14.878277 0.000000 
19 -5 2 0 -12.782115 -35.886230 
18 -6 2 -3 -13.231976 0.000000 
15 -4 2 -5 -17.639999 -35.184258 
14 0 2 5 -35.284096 -94.315399 
13 2 2 5 -80.000000 -99.000000 
25 -3 2 5 -36.542313 -56.228611 
23 -1 2 5 4.917428 1.000000 
22 0 2 3 -30.228916 -13.101140 
20 -1 2 5 -48.222984 -59.603092 
18 -2 2 3 -40.243904 -54.393715 
17 -3 2 0 -62.881584 -60.904873 
15 -3 2 5 -108.312447 -80.602455 
13 -2 2 3 -70.832474 -74.292236 
12 0 2 5 -57.185524 -13.035299 
10 -1 2 3 -36.015091 -54.625500 
19 0 3 0 -13.448080 -34.693272 
17 0 3 -3 -15.296928 -15.418339 
16 0 3 -5 -17.549999 0.000000 
14 3 3 -5 -19.000000 0.000000 
28 -2 2 -5 4.646410 1.000000 
23 0 2 5 -35.629997 -30.782087 
27 4 9 -5 -69.109726 -44.138905 
27 2 9 5 -21.775278 -42.197968 
25 -3 2 3 -34.157028 -20.772768 
23 -4 2 5 -49.110794 -69.523537 
22 -4 2 3 -27.129601 -38.993240 
20 -3 2 0 -15.250301 -34.417870 
18 -4 2 -3 -12.501579 -10.999320 
16 -2 2 -5 -14.454439 0.000000 
14 1 2 -5 -36.639999 -20.000000 
14 2 2 -5 -59.000000 -39.000000 
22 0 2 5 -47.302216 -8.231232 
20 -1 2 3 -65.020203 -62.017303 
18 -3 2 0 -13.290068 -2.907614 
16 -3 2 -3 0.000000 -15.296928 
14 -1 2 5 -146.652542 -101.425262 
13 2 2 3 -20.000000 -39.000000 
20 0 10 -5 -35.265251 -28.211994 
29 2 8 -5 6.358209 0.000000 
27 2 8 -5 -54.069817 0.000000 
20 0 10 5 -42.596188 -7.555460 
29 5 10 5 -23.855675 -58.288200 
27 -3 2 5 -64.829407 -68.451553 
26 -4 2 3 -11.731070 -35.942051 
24 -6 2 0 -31.907217 -68.349014 
22 -7 2 5 -15.345094 -55.967766 
21 -7 2 3 -16.109493 -84.994385 
19 -7 2 5 -72.892052 -119.845230 
17 -7 2 3 -39.246841 -117.697868 
15 -7 2 0 -104.727997 -53.903847 
11 -4 2 -5 -37.549999 -114.348640 
10 0 2 -5 -75.092499 -60.000000 
28 -3 2 5 -73.877052 -54.496281 
23 -7 2 5 -17.874668 -100.044815 
21 -7 2 5 -38.958214 -103.195610 
20 -7 2 3 -71.407684 -75.833984 
17 -7 2 0 -50.943096 -78.909355 
15 -7 2 -3 -70.680801 -99.191986 
14 -5 2 5 -80.841362 -166.629761 
11 -1 2 3 -15.607778 -114.645958 
10 0 2 0 -88.274544 -80.000000 
26 -5 2 3 -70.823875 -68.526520 
14 -7 2 5 -17.644215 -180.176422 
12 -4 2 3 -55.799980 -37.696499 
10 -2 2 0 -68.128075 -79.000000 
25 -6 2 0 0.205080 -56.864445 
22 -7 2 -3 -53.363312 -49.217712 
21 -5 2 -5 -36.630993 -33.559998 
18 -1 2 -5 -17.639999 -17.539999 
17 2 2 5 -79.000000 -80.000000 
18 -5 2 3 -5.943325 -9.557179 
17 -5 2 5 -91.385086 -106.312973 
15 -5 2 3 -98.245270 -32.446045 
13 -7 2 0 -69.533188 -88.610397 
11 -6 2 -3 -17.539999 1.000000 
11 -5 2 -5 -20.000000 -39.000000 
27 -4 2 3 3.873761 -12.949363 
24 -6 2 5 -65.253403 -52.283417 
22 -7 2 3 -15.157351 -63.284069 
19 -7 2 3 -61.077690 -105.881538 
13 -5 2 -5 -75.355972 -92.848656 
12 -2 2 -5 -74.516403 -37.796402 
11 2 2 -5 -80.000000 -80.000000 
23 -7 2 -3 -64.400742 -61.364708 
21 -7 2 -5 -28.563086 -31.476330 
19 -6 2 -5 -50.955818 -35.047192 
16 -1 2 -5 -17.549999 -50.941345 
15 1 2 -5 -39.000000 -20.000000 
18 -7 2 0 -73.817833 -122.509048 
16 -6 2 -3 -15.454439 -15.166623 
12 2 2 3 -19.000000 -20.000000 
19 -7 2 0 -72.000679 -12.750167 
17 -7 2 -3 -47.160683 -70.511551 
15 -5 2 -5 -50.747429 -32.659050 
13 -1 2 -5 -17.549999 -54.715401 
12 2 2 5 -40.000000 -39.000000 
60 0 10 -5 -37.944752 -35.173267 
28 -2 2 5 -28.101404 1.000000 
25 -5 2 0 4.650327 -6.309911 
24 -5 2 5 -62.221516 -28.506701 
21 -2 2 5 -53.786850 -59.426311 
19 -2 2 3 -9.633677 -14.017452 
18 -4 2 0 -24.730406 -35.057983 
16 -4 2 5 -66.405174 -48.680729 
14 -2 2 3 -31.517561 -99.907257 
12 -1 2 0 -14.615452 -108.641006 
11 -2 2 -3 -74.713959 -55.874599 
20 0 3 -5 -20.000000 0.000000 
17 -1 2 3 -17.650604 -67.853218 
15 2 2 0 -19.000000 1.000000 
19 -6 2 5 -77.673187 -111.286591 
13 -7 2 5 -131.714294 -55.411560 
11 -4 2 3 -57.927498 -74.256851 
10 -3 2 5 -99.000000 -100.000000 
22 -7 2 -5 -12.562462 0.000000 
19 -5 2 -5 -69.412643 -55.758961 
17 -2 2 5 -73.906006 -57.490578 
16 1 2 3 -48.048603 -77.139999 
14 -6 2 -5 -52.040535 -15.951436 
12 -3 2 -5 -17.539999 0.000000 
10 1 2 -5 -60.000000 -59.000000 
29 0 10 -5 -6.756829 39.650490 
31 0 10 -5 -8.265224 -14.119816 
29 4 10 5 -38.291908 -52.636139 
29 5 10 3 -67.221611 -32.657139 
24 -3 2 5 -31.280998 -78.253670 
20 -4 2 0 -9.955768 -18.765570 
19 -5 2 -3 -47.692528 -52.680763 
16 -3 2 -5 0.000000 -15.418339 
15 0 2 5 -132.990906 -98.090622 
14 2 2 5 -60.000000 -40.000000 
36 1 10 -5 12.144550 0.000000 
21 -5 2 3 -14.118710 -82.708984 
19 -6 2 0 -15.208740 -81.042198 
15 -3 2 3 -105.512589 -49.923729 
13 -2 2 0 -70.663902 -31.034193 
12 -3 2 -3 -15.268048 -15.418339 
10 -1 2 5 -37.988197 -15.123453 
9 -1 8 3 -20.000000 0.000000 
27 4 9 5 -61.485584 -18.478291 
27 2 9 3 5.444027 0.000000 
26 -5 2 0 -41.867771 -48.159725 
23 -7 2 3 -15.346748 -70.619247 
21 -7 2 0 -50.793976 -83.449097 
18 -7 2 -3 -28.398415 -18.594116 
17 -4 2 -5 -16.050179 -50.746353 
15 -2 2 -5 -36.798256 -35.629997 
13 2 2 -5 -59.000000 -40.000000 
20 -6 2 5 -78.129402 -50.689178 
19 -6 2 3 -32.310734 -30.489801 
13 -6 2 -5 -30.811947 -17.785011 
11 -1 2 -5 -75.797867 -93.656181 
34 3 10 -5 12.118338 1.000000 
31 0 10 5 -2.360209 -12.653595 
26 -3 2 3 -50.172165 -22.589729 
24 -4 2 0 -47.395012 -31.112036 
20 -2 2 3 -89.730614 -47.887714 
18 -2 2 0 -75.020126 -77.410652 
17 -2 2 -3 -54.376656 -75.912270 
15 -1 2 5 -45.639980 -88.062820 
14 2 2 3 -40.000000 -20.000000 
17 -1 2 5 -13.043187 -37.494247 
15 0 2 3 -90.102997 -2.945372 
14 -1 2 0 -14.541620 -14.723726 
11 -2 2 5 -134.033081 -110.506363 
27 -4 2 5 -47.936169 -40.551411 
26 -6 2 3 -19.596025 0.000000 
24 -7 2 0 -39.772293 0.000000 
20 -5 2 5 -35.098289 -4.737570 
18 -1 2 5 -51.090309 -61.975563 
16 0 2 3 -73.286079 -12.150877 
15 -1 2 0 -13.291462 -105.151199 
13 -2 2 -3 -50.955063 -15.296928 
11 -1 2 5 -136.822113 -126.183090 
10 1 2 3 -59.000000 -60.000000 
26 -4 2 5 -73.572197 -45.897575 
25 -6 2 3 -61.791039 -97.046547 
12 -5 2 5 -18.185646 -186.470505 
26 -5 2 5 -25.650898 -76.748009 
24 -6 2 3 -10.665350 -68.613228 
23 -7 2 0 -42.118156 -95.923233 
9 -2 2 5 -17.539999 0.000000 
10 -2 2 3 -57.899300 -57.932404 
27 3 8 5 -32.441437 -39.930569 
27 2 8 3 -7.182667 -34.782745 
22 -6 2 3 -39.556046 -66.157837 
20 -4 2 5 -53.116440 -80.125748 
16 -6 2 5 -31.119234 -47.226105 
15 -6 2 3 -106.868202 -172.525070 
13 -6 2 0 0.000000 -15.296928 
11 -7 2 5 -190.519562 -188.728256 
11 -6 2 3 -18.230000 -75.816399 
16 -5 2 5 1.878607 -162.968109 
13 0 2 5 2.710068 -128.493332 
11 0 2 5 -127.171944 -110.223656 
19 0 3 5 -59.000000 -31.574141 
14 -3 2 3 -13.058060 -112.689308 
11 -3 2 5 -167.180573 -97.488892 
35 1 10 -5 10.880939 0.000000 
25 -6 2 5 -65.128479 -76.547722 
19 -7 2 -3 -68.443390 -32.327896 
17 -5 2 -5 -50.049084 -71.483017 
15 0 2 -5 -56.621376 -55.618065 
14 1 2 5 -79.000000 -59.000000 
25 -5 2 5 -21.201706 -49.219826 
18 -7 2 5 -49.026447 -130.215057 
15 -4 2 3 -63.723770 -152.997101 
14 -4 2 0 -34.640648 -110.047707 
10 -2 2 5 -134.818253 -89.558327 
9 0 2 3 0.000000 -19.000000 
21 -7 2 -3 -54.623867 -71.992592 
19 -7 2 -5 -27.351185 -8.762951 
22 -7 2 0 -14.066185 -48.393318 
20 -7 2 -3 -43.890137 -88.266151 
17 -6 2 -5 -31.621948 -30.686926 
11 -7 2 3 -155.722443 -154.486938 
10 0 10 5 -30.734098 -55.178253 
27 3 8 3 -3.109143 -38.811687 
26 -4 2 0 4.915657 -37.557453 
17 -6 2 5 -101.659515 -133.470016 
15 -2 2 5 -72.007133 -120.302231 
13 -3 2 3 -31.596806 -106.071297 
12 -4 2 0 -35.816399 -37.349998 
11 -4 2 -3 -40.000000 -17.750000 
15 -6 2 5 -148.213959 -17.516598 
14 -4 2 3 -50.060875 -83.692513 
27 3 9 5 -29.489178 -49.168072 
20 -7 2 0 -23.141081 -67.254845 
14 -3 2 5 -89.557846 -33.735504 
12 -2 2 3 -75.322906 -70.598434 
11 -3 2 0 -59.000000 -49.631847 
13 0 2 3 -30.747135 -51.379097 
12 -7 2 0 -97.187584 -203.558929 
17 -6 2 -3 -64.414932 -20.054077 
27 -3 2 3 -27.070986 -78.664520 
18 -6 2 5 -16.952049 -64.694763 
16 -7 2 5 -190.252502 -109.572998 
11 -7 2 0 -135.827301 -139.000000 
20 -7 2 5 -99.800201 -82.670593 
13 -5 2 5 -160.363220 -33.780609 
30 0 10 -5 6.424280 0.000000 
32 0 10 -5 0.834611 -8.561137 
31 2 10 -5 0.000000 4.008010 
23 -6 2 5 -75.546165 -36.443214 
19 -5 2 3 -4.406521 -95.044395 
17 -6 2 0 -39.188725 -14.728622 
15 -7 2 5 -146.547195 -145.735016 
11 -6 2 5 -157.011627 -140.000000 
23 -6 2 3 -59.939148 -17.756937 
16 -2 2 5 -23.105267 -74.459633 
14 -1 2 3 -87.886429 -28.763855 
12 -3 2 0 -34.917255 -33.061916 
10 -3 2 3 -119.000000 -119.000000 
25 -5 2 3 -65.847969 -83.205261 
18 -7 2 3 -109.910904 -46.654049 
13 -6 2 5 -52.508530 -142.462738 
11 -5 2 5 -78.142685 -36.215046 
34 0 10 -5 4.823850 0.000000 
31 1 10 -5 -1.050944 3.746399 
17 -1 2 -5 -57.527100 -56.798180 
16 2 2 -5 -59.000000 -40.000000 
14 -6 2 3 -156.141296 -135.462921 
12 -7 2 5 -170.397522 -153.125488 
12 -7 2 3 -151.951889 -184.015610 
31 0 10 3 -6.480406 -14.517993 
29 4 10 0 -11.265878 -21.840248 
24 -3 2 0 -13.290068 -25.549641 
22 -4 2 -3 -50.888535 -32.278847 
20 -2 2 5 -53.245319 -53.393993 
19 0 2 3 -50.300865 -72.041153 
14 -5 2 3 -87.467323 -19.267912 
18 -5 2 5 -97.527359 -34.680611 
15 0 2 0 -31.048841 -75.333519 
12 0 2 -3 -46.295021 -75.239998 
13 -1 2 3 -140.290192 -49.429413 
11 0 10 -5 -40.972679 -28.395008 
30 2 10 -5 14.479210 0.000000 
18 -4 2 5 -32.077061 -52.183487 
12 0 2 3 -37.697399 -151.724823 
20 0 3 5 -39.000000 -20.000000 
17 -7 2 5 -16.522179 -118.181633 
15 -7 2 3 -93.032249 -127.284531 
11 -8 2 3 -99.000000 -18.333401 
27 2 8 5 -28.959881 -40.181870 
14 -6 2 5 -119.696312 -153.694748 
17 -2 2 3 -107.698914 -68.467735 
11 1 2 3 -97.550003 -100.000000 
11 2 2 0 -20.000000 -39.000000 
15 -2 2 0 -130.639313 -66.670303 
12 0 2 -5 -57.615402 -90.467056 
10 2 2 -5 -19.000000 0.000000 
28 -5 0 5 9.235360 0.000000 
28 -3 2 3 -34.560471 -51.370213 
13 -5 2 3 -73.110924 -123.578331 
16 -5 2 3 -127.524841 -47.714836 
14 -7 2 0 -129.555847 -130.139984 
11 -5 2 3 -39.142395 -106.920731 
16 -7 2 3 -126.883537 -124.993996 
10 -7 2 3 -39.000000 -19.000000 
16 -1 2 3 -39.713303 -46.533916 
12 -1 2 -3 -10.981575 -16.025724 
10 1 2 5 -80.000000 -60.000000 
21 -6 2 -5 -15.268048 -69.367950 
18 -3 2 -5 -37.790894 -44.967400 
16 1 2 -5 -20.000000 -39.000000 
35 0 10 -5 16.501747 0.000000 
22 -4 2 5 -16.174013 -72.847229 
14 0 2 3 -102.961235 -16.070900 
13 -1 2 0 -30.784824 -69.415932 
11 -1 2 -3 -37.340000 -34.639999 
14 -2 2 5 -85.177124 -67.107811 
15 -5 2 5 -91.852394 -138.536514 
14 -7 2 3 -197.236237 -149.699890 
11 -8 2 -3 -80.000000 -97.440002 
30 0 10 5 2.185982 -3.309500 
32 2 10 5 6.153500 0.000000 
17 -4 2 5 -122.527168 -54.696953 
15 -2 2 3 -65.247040 -68.459579 
18 0 3 5 -15.716305 -39.000000 
32 1 10 3 5.471928 0.000000 
25 -2 2 3 -4.213644 1.000000 
23 -3 2 0 -13.489021 -10.561968 
21 -3 2 5 -10.032976 -39.762566 
18 0 2 0 -27.280533 -12.583766 
16 -1 2 -3 -30.808336 1.000000 
14 0 2 -5 -57.526970 -37.895302 
13 -7 2 3 -51.478832 -51.641327 
17 -5 2 3 -45.715866 -116.347794 
12 -6 2 -5 -15.331403 -70.373932 
11 -3 2 -5 -70.932709 -94.370598 
16 -6 2 3 -105.135811 -149.933487 
12 -7 2 -3 -132.790649 -130.172302 
28 0 10 -5 1.407844 0.000000 
160 1 11 -5 0.000000 -10.438677 
35 1 10 5 4.828516 0.000000 
32 0 10 0 0.564547 6.065764 
27 -3 2 -3 -69.314682 -2.143287 
25 -3 2 -5 -55.040474 -52.206032 
22 2 2 5 -95.830002 -80.000000 
12 -6 2 5 -152.272980 -157.064667 
160 0 11 -5 0.000000 9.956793 
29 0 10 5 0.000000 -0.248286 
29 4 10 3 -36.013870 -30.473814 
27 -4 2 0 -28.387842 -13.242337 
25 -5 2 -3 -13.428139 -2.086856 
23 -4 2 -5 -15.418339 5.822147 
21 -1 2 -5 -17.630001 0.000000 
20 2 2 -5 -20.000000 0.000000 
14 -6 2 0 -88.365662 -72.217926 
11 -8 2 -5 -116.639999 -120.000000 
30 3 10 -5 -19.000000 -26.690212 
17 -5 2 0 -17.188166 -41.328972 
14 -4 2 5 -112.629448 -17.435459 
27 0 10 -5 0.000000 -4.285062 
27 0 10 5 -3.975846 4.084343 
33 2 10 0 0.000000 0.000000 
0 0 0 0 0.000000 0.000000 
0 0 0 0 0.000000 0.000000 
0 0 0 0 0.000000 0.000000 
0 0 0 0 0.000000 0.000000 
0 0 0 0 0.000000 0.000000 
0 0 0 0 0.000000 0.000000 
0 0 0 0 0.000000 0.000000 
0 0 0 0 0.000000 0.000000 
0 0 0 0 0.000000 0.000000 
0 0 0 0 0.000000 0.000000 
0 0 0 0 0.000000 0.000000 
0 0 0 0 0.000000 0.000000 
0 0 0 0 0.000000 0.000000 
0 0 0 0 0.000000 0.000000 
0 0 0 0 0.000000 0.000000 
0 0 0 0 0.000000 0.000000 
0 0 0 0 0.000000 0.000000 
0 0 0 0 0.000000 0.000000 
0 0 0 0 0.000000 0.000000 
0 0 0 0 0.000000 0.000000 
0 0 0 0 0.000000 0.000000 
0 0 0 0 0.000000 0.000000 
0 0 0 0 0.000000 0.000000 
0 0 0 0 0.000000 0.000000 
0 0 0 0 0.000000 0.000000 
0 0 0 0 0.000000 0.000000 
0 0 0 0 0.000000 0.000000 
0 0 0 0 0.000000 0.000000 
0 0 0 0 0.000000 0.000000 
0 0 0 0 0.000000 0.000000 
0 0 0 0 0.000000 0.000000 
0 0 0 0 0.000000 0.000000 
0 0 0 0 0.000000 0.000000 
0 0 0 0 0.000000 0.000000 
0 0 0 0 0.000000 0.000000 
0 0 0 0 0.000000 0.000000 
0 0 0 0 0.000000 0.000000 
0 0 0 0 0.000000 0.000000 
0 0 0 0 0.000000 0.000000 
0 0 0 0 0.000000 0.000000 
0 0 0 0 0.000000 0.000000 
0 0 0 0 0.000000 0.000000 
0 0 0 0 0.000000 0.000000 
0 0 0 0 0.000000 0.000000 
0 0 0 0 0.000000 0.000000 
0 0 0 0 0.000000 0.000000 
0 0 0 0 0.000000 0.000000 
0 0 0 0 0.000000 0.000000 
0 0 0 0 0.000000 0.000000 
0 0 0 0 0.000000 0.000000 
0 0 0 0 0.000000 0.000000 
0 0 0 0 0.000000 0.000000 
0 0 0 0 0.000000 0.000000 
0 0 0 0 0.000000 0.000000 
0 0 0 0 0.000000 0.000000 
0 0 0 0 0.000000 0.000000 
0 0 0 0 0.000000 0.000000 
0 0 0 0 0.000000 0.000000 
0 0 0 0 0.000000 0.000000 
0 0 0 0 0.000000 0.000000 
0 0 0 0 0.000000 0.000000 
0 0 0 0 0.000000 0.000000 
0 0 0 0 0.000000 0.000000 
0 0 0 0 0.000000 0.000000 
0 0 0 0 0.000000 0.000000 
0 0 0 0 0.000000 0.000000 
0 0 0 0 0.000000 0.000000 
0 0 0 0 0.000000 0.000000 
0 0 0 0 0.000000 0.000000 
0 0 0 0 0.000000 0.000000 
0 0 0 0 0.000000 0.000000 
0 0 0 0 0.000000 0.000000 
0 0 0 0 0.000000 0.000000 
0 0 0 0 0.000000 0.000000 
0 0 0 0 0.000000 0.000000 
0 0 0 0 0.000000 0.000000 
0 0 0 0 0.000000 0.000000 
0 0 0 0 0.000000 0.000000 
0 0 0 0 0.000000 0.000000 
0 0 0 0 0.000000 0.000000 
0 0 0 0 0.000000 0.000000 
0 0 0 0 0.000000 0.000000 
0 0 0 0 0.000000 0.000000 
0 0 0 0 0.000000 0.000000 
0 0 0 0 0.000000 0.000000 
0 0 0 0 0.000000 0.000000 
0 0 0 0 0.000000 0.000000 
0 0 0 0 0.000000 0.000000 
0 0 0 0 0.000000 0.000000 
0 0 0 0 0.000000 0.000000 
0 0 0 0 0.000000 0.000000 
0 0 0 0 0.000000 0.000000 
0 0 0 0 0.000000 0.000000 
0 0 0 0 0.000000 0.000000 
0 0 0 0 0.000000 0.000000 
0 0 0 0 0.000000 0.000000 
0 0 0 0 0.000000 0.000000 
0 0 0 0 0.000000 0.000000 
0 0 0 0 0.000000 0.000000 
0 0 0 0 0.000000 0.000000 
0 0 0 0 0.000000 0.000000 
0 0 0 0 0.000000 0.000000 
0 0 0 0 0.000000 0.000000 
0 0 0 0 0.000000 0.000000 
0 0 0 0 0.000000 0.000000 
0 0 0 0 0.000000 0.000000 
0 0 0 0 0.000000 0.000000 
0 0 0 0 0.000000 0.000000 
0 0 0 0 0.000000 0.000000 
0 0 0 0 0.000000 0.000000 
0 0 0 0 0.000000 0.000000 
0 0 0 0 0.000000 0.000000 
0 0 0 0 0.000000 0.000000 
0 0 0 0 0.000000 0.000000 
0 0 0 0 0.000000 0.000000 
0 0 0 0 0.000000 0.000000 
0 0 0 0 0.000000 0.000000 
0 0 0 0 0.000000 0.000000 
0 0 0 0 0.000000 0.000000 
0 0 0 0 0.000000 0.000000 
0 0 0 0 0.000000 0.000000 
0 0 0 0 0.000000 0.000000 
0 0 0 0 0.000000 0.000000 
0 0 0 0 0.000000 0.000000 
0 0 0 0 0.000000 0.000000 
0 0 0 0 0.000000 0.000000 
0 0 0 0 0.000000 0.000000 
0 0 0 0 0.000000 0.000000 
0 0 0 0 0.000000 0.000000 
0 0 0 0 0.000000 0.000000 
0 0 0 0 0.000000 0.000000 
0 0 0 0 0.000000 0.000000 
0 0 0 0 0.000000 0.000000 
0 0 0 0 0.000000 0.000000 
0 0 0 0 0.000000 0.000000 
0 0 0 0 0.000000 0.000000 
0 0 0 0 0.000000 0.000000 
0 0 0 0 0.000000 0.000000 
0 0 0 0 0.000000 0.000000 
0 0 0 0 0.000000 0.000000 
0 0 0 0 0.000000 0.000000 
0 0 0 0 0.000000 0.000000 
0 0 0 0 0.000000 0.000000 
0 0 0 0 0.000000 0.000000 
0 0 0 0 0.000000 0.000000 
0 0 0 0 0.000000 0.000000 
0 0 0 0 0.000000 0.000000 
0 0 0 0 0.000000 0.000000 
0 0 0 0 0.000000 0.000000 
0 0 0 0 0.000000 0.000000 
0 0 0 0 0.000000 0.000000 
0 0 0 0 0.000000 0.000000 
0 0 0 0 0.000000 0.000000 
0 0 0 0 0.000000 0.000000 
0 0 0 0 0.000000 0.000000 
0 0 0 0 0.000000 0.000000 
0 0 0 0 0.000000 0.000000 
0 0 0 0 0.000000 0.000000 
0 0 0 0 0.000000 0.000000 
0 0 0 0 0.000000 0.000000 
0 0 0 0 0.000000 0.000000 
0 0 0 0 0.000000 0.000000 
0 0 0 0 0.000000 0.000000 
0 0 0 0 0.000000 0.000000 
0 0 0 0 0.000000 0.000000 
0 0 0 0 0.000000 0.000000 
0 0 0 0 0.000000 0.000000 
0 0 0 0 0.000000 0.000000 
0 0 0 0 0.000000 0.000000 
0 0 0 0 0.000000 0.000000 
0 0 0 0 0.000000 0.000000 
0 0 0 0 0.000000 0.000000 
0 0 0 0 0.000000 0.000000 
0 0 0 0 0.000000 0.000000 
0 0 0 0 0.000000 0.000000 
0 0 0 0 0.000000 0.000000 
0 0 0 0 0.000000 0.000000 
0 0 0 0 0.000000 0.000000 
0 0 0 0 0.000000 0.000000 
0 0 0 0 0.000000 0.000000 
0 0 0 0 0.000000 0.000000 
0 0 0 0 0.000000 0.000000 
0 0 0 0 0.000000 0.000000 
0 0 0 0 0.000000 0.000000 
0 0 0 0 0.000000 0.000000 
0 0 0 0 0.000000 0.000000 
0 0 0 0 0.000000 0.000000 
0 0 0 0 0.000000 0.000000 
0 0 0 0 0.000000 0.000000 
0 0 0 0 0.000000 0.000000 
0 0 0 0 0.000000 0.000000 
0 0 0 0 0.000000 0.000000 
0 0 0 0 0.000000 0.000000 
0 0 0 0 0.000000 0.000000 
0 0 0 0 0.000000 0.000000 
0 0 0 0 0.000000 0.000000 
0 0 0 0 0.000000 0.000000 
0 0 0 0 0.000000 0.000000 
0 0 0 0 0.000000 0.000000 
0 0 0 0 0.000000 0.000000 
0 0 0 0 0.000000 0.000000 
0 0 0 0 0.000000 0.000000 
0 0 0 0 0.000000 0.000000 
0 0 0 0 0.000000 0.000000 
0 0 0 0 0.000000 0.000000 
0 0 0 0 0.000000 0.000000 
0 0 0 0 0.000000 0.000000 
0 0 0 0 0.000000 0.000000 
0 0 0 0 0.000000 0.000000 
0 0 0 0 0.000000 0.000000 
0 0 0 0 0.000000 0.000000 
0 0 0 0 0.000000 0.000000 
0 0 0 0 0.000000 0.000000 
0 0 0 0 0.000000 0.000000 
0 0 0 0 0.000000 0.000000 
0 0 0 0 0.000000 0.000000 
0 0 0 0 0.000000 0.000000 
0 0 0 0 0.000000 0.000000 
0 0 0 0 0.000000 0.000000 
0 0 0 0 0.000000 0.000000 
0 0 0 0 0.000000 0.000000 
0 0 0 0 0.000000 0.000000 
0 0 0 0 0.000000 0.000000 
0 0 0 0 0.000000 0.000000 
0 0 0 0 0.000000 0.000000 
0 0 0 0 0.000000 0.000000 
0 0 0 0 0.000000 0.000000 
0 0 0 0 0.000000 0.000000 
0 0 0 0 0.000000 0.000000 
0 0 0 0 0.000000 0.000000 
0 0 0 0 0.000000 0.000000 
0 0 0 0 0.000000 0.000000 
0 0 0 0 0.000000 0.000000 
0 0 0 0 0.000000 0.000000 
0 0 0 0 0.000000 0.000000 
0 0 0 0 0.000000 0.000000 
0 0 0 0 0.000000 0.000000 
0 0 0 0 0.000000 0.000000 
0 0 0 0 0.000000 0.000000 
0 0 0 0 0.000000 0.000000 
0 0 0 0 0.000000 0.000000 
0 0 0 0 0.000000 0.000000 
0 0 0 0 0.000000 0.000000 
0 0 0 0 0.000000 0.000000 
0 0 0 0 0.000000 0.000000 
0 0 0 0 0.000000 0.000000 
0 0 0 0 0.000000 0.000000 
0 0 0 0 0.000000 0.000000 
0 0 0 0 0.000000 0.000000 
0 0 0 0 0.000000 0.000000 
0 0 0 0 0.000000 0.000000 
0 0 0 0 0.000000 0.000000 
0 0 0 0 0.000000 0.000000 
0 0 0 0 0.000000 0.000000 
0 0 0 0 0.000000 0.000000 
0 0 0 0 0.000000 0.000000 
0 0 0 0 0.000000 0.000000 
0 0 0 0 0.000000 0.000000 
0 0 0 0 0.000000 0.000000 
0 0 0 0 0.000000 0.000000 
0 0 0 0 0.000000 0.000000 
0 0 0 0 0.000000 0.000000 
0 0 0 0 0.000000 0.000000 
0 0 0 0 0.000000 0.000000 
0 0 0 0 0.000000 0.000000 
0 0 0 0 0.000000 0.000000 
0 0 0 0 0.000000 0.000000 
0 0 0 0 0.000000 0.000000 
0 0 0 0 0.000000 0.000000 
0 0 0 0 0.000000 0.000000 
0 0 0 0 0.000000 0.000000 
0 0 0 0 0.000000 0.000000 
0 0 0 0 0.000000 0.000000 
0 0 0 0 0.000000 0.000000 
0 0 0 0 0.000000 0.000000 
0 0 0 0 0.000000 0.000000 
0 0 0 0 0.000000 0.000000 
0 0 0 0 0.000000 0.000000 
0 0 0 0 0.000000 0.000000 
0 0 0 0 0.000000 0.000000 
0 0 0 0 0.000000 0.000000 
0 0 0 0 0.000000 0.000000 
0 0 0 0 0.000000 0.000000 
0 0 0 0 0.000000 0.000000 
0 0 0 0 0.000000 0.000000 
0 0 0 0 0.000000 0.000000 
0 0 0 0 0.000000 0.000000 
0 0 0 0 0.000000 0.000000 
0 0 0 0 0.000000 0.000000 
0 0 0 0 0.000000 0.000000 
0 0 0 0 0.000000 0.000000 
0 0 0 0 0.000000 0.000000 
0 0 0 0 0.000000 0.000000 
0 0 0 0 0.000000 0.000000 
0 0 0 0 0.000000 0.000000 
0 0 0 0 0.000000 0.000000 
0 0 0 0 0.000000 0.000000 
0 0 0 0 0.000000 0.000000 
0 0 0 0 0.000000 0.000000 
0 0 0 0 0.000000 0.000000 
0 0 0 0 0.000000 0.000000 
0 0 0 0 0.000000 0.000000 
0 0 0 0 0.000000 0.000000 
0 0 0 0 0.000000 0.000000 
0 0 0 0 0.000000 0.000000 
0 0 0 0 0.000000 0.000000 
0 0 0 0 0.000000 0.000000 
0 0 0 0 0.000000 0.000000 
0 0 0 0 0.000000 0.000000 
0 0 0 0 0.000000 0.000000 
0 0 0 0 0.000000 0.000000 
0 0 0 0 0.000000 0.000000 
0 0 0 0 0.000000 0.000000 
0 0 0 0 0.000000 0.000000 
0 0 0 0 0.000000 0.000000 
0 0 0 0 0.000000 0.000000 
0 0 0 0 0.000000 0.000000 
0 0 0 0 0.000000 0.000000 
0 0 0 0 0.000000 0.000000 
0 0 0 0 0.000000 0.000000 
0 0 0 0 0.000000 0.000000 
0 0 0 0 0.000000 0.000000 
0 0 0 0 0.000000 0.000000 
0 0 0 0 0.000000 0.000000 
0 0 0 0 0.000000 0.000000 
0 0 0 0 0.000000 0.000000 
0 0 0 0 0.000000 0.000000 
0 0 0 0 0.000000 0.000000 
0 0 0 0 0.000000 0.000000 
0 0 0 0 0.000000 0.000000 
0 0 0 0 0.000000 0.000000 
0 0 0 0 0.000000 0.000000 
0 0 0 0 0.000000 0.000000 
0 0 0 0 0.000000 0.000000 
0 0 0 0 0.000000 0.000000 
0 0 0 0 0.000000 0.000000 
0 0 0 0 0.000000 0.000000 
0 0 0 0 0.000000 0.000000 
0 0 0 0 0.000000 0.000000 
0 0 0 0 0.000000 0.000000 
0 0 0 0 0.000000 0.000000 
0 0 0 0 0.000000 0.000000 
0 0 0 0 0.000000 0.000000 
0 0 0 0 0.000000 0.000000 
0 0 0 0 0.000000 0.000000 
0 0 0 0 0.000000 0.000000 
0 0 0 0 0.000000 0.000000 
0 0 0 0 0.000000 0.000000 
0 0 0 0 0.000000 0.000000 
0 0 0 0 0.000000 0.000000 
0 0 0 0 0.000000 0.000000 
0 0 0 0 0.000000 0.000000 
0 0 0 0 0.000000 0.000000 
0 0 0 0 0.000000 0.000000 
0 0 0 0 0.000000 0.000000 
0 0 0 0 0.000000 0.000000 
0 0 0 0 0.000000 0.000000 
0 0 0 0 0.000000 0.000000 
0 0 0 0 0.000000 0.000000 
0 0 0 0 0.000000 0.000000 
0 0 0 0 0.000000 0.000000 
0 0 0 0 0.000000 0.000000 
0 0 0 0 0.000000 0.000000 
0 0 0 0 0.000000 0.000000 
0 0 0 0 0.000000 0.000000 
0 0 0 0 0.000000 0.000000 
0 0 0 0 0.000000 0.000000 
0 0 0 0 0.000000 0.000000 
0 0 0 0 0.000000 0.000000 
0 0 0 0 0.000000 0.000000 
0 0 0 0 0.000000 0.000000 
0 0 0 0 0.000000 0.000000 
0 0 0 0 0.000000 0.000000 
0 0 0 0 0.000000 0.000000 
0 0 0 0 0.000000 0.000000 
0 0 0 0 0.000000 0.000000 
0 0 0 0 0.000000 0.000000 
0 0 0 0 0.000000 0.000000 
0 0 0 0 0.000000 0.000000 
0 0 0 0 0.000000 0.000000 
0 0 0 0 0.000000 0.000000 
0 0 0 0 0.000000 0.000000 
0 0 0 0 0.000000 0.000000 
0 0 0 0 0.000000 0.000000 
0 0 0 0 0.000000 0.000000 
0 0 0 0 0.000000 0.000000 
24 -2 2 3 -49.512161 -32.296741 
22 -2 2 0 -86.182480 -77.292877 
21 -3 2 -3 -31.774317 1.000000 
19 -3 2 -5 -34.546047 -69.251740 
17 -2 2 -5 -37.340000 -55.430000 
28 -3 2 0 -68.613640 -49.935562 
24 -1 2 3 -45.674515 -3.975587 
18 0 2 5 -37.528984 -77.122330 
17 0 2 3 -59.742874 -89.100380 
13 -1 2 -3 -35.298702 -69.449776 
26 -3 2 -3 -17.182623 -86.110733 
36 0 10 -5 -1.794806 0.000000 
36 0 9 -5 76.584274 0.000000 
13 -7 2 -3 -109.874268 -50.520996 
20 -2 2 -3 -31.677620 -52.887207 
18 2 2 5 -60.000000 -40.000000 
30 4 10 5 -2.753246 -18.991106 
28 -2 2 3 -37.999771 -8.750857 
27 -3 2 0 -68.863640 -7.298939 
25 -3 2 -3 -73.102051 -46.304268 
37 0 10 5 1.958652 0.000000 
37 0 10 3 3.850718 0.000000 
29 5 10 0 -49.777790 -29.173059 
27 4 9 -3 0.000000 2.489624 
27 4 8 3 -19.500626 -27.467834 
23 -4 2 -3 -14.454439 -23.903008 
20 -2 2 -5 -17.639999 -54.780449 
18 1 2 5 -39.000000 -40.822800 
30 3 10 5 -1.719840 0.000000 
23 -1 2 3 -45.547386 -30.767691 
21 -1 2 5 -25.626682 -40.236572 
18 0 2 -5 -57.529892 -57.239998 
17 2 2 -5 -40.000000 -40.000000 
23 -6 2 0 -52.873032 -52.418411 
21 -6 2 -3 -65.396454 -73.324982 
19 -4 2 -5 -72.852402 -56.612076 
17 0 2 -5 -54.540001 -76.094894 
16 1 2 5 -77.550003 -59.000000 
10 1 11 -5 27.641701 0.000000 
10 0 9 -5 1000.000000 1.000000 
27 4 8 5 -63.182381 -35.354317 
27 4 9 3 -18.667345 -32.243984 
23 0 2 0 -17.630001 1.000000 
22 2 2 -3 -20.000000 0.000000 
27 3 9 -5 -41.833176 -5.984046 
50 0 10 -5 -15.066820 -37.544235 
19 0 2 -5 -55.789154 -35.629997 
29 4 9 -5 -33.738159 0.000000 
28 4 9 -5 -3.379750 -36.714787 
23 -5 2 0 -86.528473 -75.819290 
19 -4 2 5 -72.610825 -130.621460 
20 -1 3 0 -20.000000 -39.000000 
50 0 9 -5 32.588730 0.000000 
23 -2 2 0 0.000000 3.129262 
22 -3 2 5 -69.263062 -25.321962 
17 -4 2 0 -84.594994 -6.325031 
13 -3 2 5 -113.162079 -111.867462 
12 -3 2 5 -115.829300 -70.581085 
10 -4 2 3 -40.000000 -59.000000 
28 3 8 3 -11.285331 -7.758598 
21 -4 2 5 -31.731197 -77.574944 
19 -4 2 3 -39.208290 -90.517426 
16 -5 2 -3 -51.054985 -17.548256 
14 -4 2 -5 0.000000 -54.169182 
22 0 2 0 -33.140564 -62.643280 
20 0 2 5 -63.536682 -18.784096 
18 0 2 3 -89.955185 -29.478287 
17 0 2 5 -38.186253 -75.378357 
22 -1 2 0 -49.881889 -76.294510 
20 -1 2 -3 -51.455276 -35.167671 
18 2 2 -5 -59.000000 -60.000000 
50 0 10 5 -40.759644 -9.279722 
17 -3 2 -5 -51.510971 -17.630001 
15 2 2 5 -40.000000 -40.000000 
19 -1 2 5 -52.341202 -6.796331 
11 -4 2 5 -54.739998 -132.172607 
19 0 2 5 -62.820862 -94.674728 
18 2 2 3 -40.000000 -20.000000 
21 0 2 0 -52.619640 -60.351204 
20 0 2 -3 -55.090805 -53.806301 
17 2 2 3 -45.575817 -60.000000 
50 0 10 0 -14.742346 1.000000 
50 0 10 -3 -10.983244 -17.706284 
27 3 9 0 -80.671417 -4.090333 
27 -4 2 -3 -5.474344 -39.639854 
24 -5 2 -5 -35.834175 -64.916901 
21 0 2 3 -0.993756 -53.033089 
20 2 2 5 -57.750000 -64.135475 
50 0 10 3 -40.809467 -30.541584 
13 0 2 0 -70.238052 -100.355270 
11 0 2 -3 16.369827 0.000000 
27 3 8 0 -17.923243 0.000000 
19 -3 2 3 -27.277929 -28.000755 
15 -4 2 5 -120.238953 -142.634216 
10 -2 2 -3 -36.650002 -20.000000 
19 0 3 -5 -19.000000 1.000000 
10 0 10 3 1.756145 -42.758247 
25 -4 2 0 -15.020159 4.242303 
23 -5 2 -3 0.000000 -16.287849 
19 1 2 5 -20.000000 0.000000 
25 -6 2 -3 -26.075146 -29.963491 
23 -7 2 -5 -10.579906 0.000000 
19 -2 2 5 -28.295311 -74.330002 
22 -3 2 -3 -15.450830 0.000000 
18 1 2 -5 -40.000000 -55.439995 
16 2 2 3 0.000000 -19.000000 
23 -5 2 5 -44.478203 -70.136765 
21 -6 2 5 -61.453876 -140.664490 
16 -4 2 3 -32.648075 -108.058510 
12 -5 2 3 -18.106173 -116.718346 
10 -5 2 0 -20.000000 -20.000000 
28 4 9 0 0.000000 4.917428 
28 3 9 5 -9.436431 -25.915771 
24 -4 2 5 -69.152824 -107.451164 
23 -4 2 3 -43.189362 -26.498394 
21 -5 2 0 -32.668896 -48.043968 
15 1 2 5 -40.000000 -54.816498 
22 -5 2 3 -78.319450 -52.401859 
11 -6 2 0 -73.136002 -40.000000 
22 -5 2 5 -84.485405 -84.569527 
24 -4 2 3 -51.141060 -37.012394 
16 -2 2 3 -72.269104 0.000000 
14 -3 2 0 -12.502975 0.000000 
13 -4 2 -3 -14.454439 -82.188019 
11 -2 2 -5 -16.639999 0.000000 
9 0 2 -5 -19.000000 1.000000 
19 -3 2 0 -2.709731 -35.112892 
17 -4 2 -3 -14.329276 0.000000 
15 -3 2 -5 -36.350220 -43.089165 
13 0 9 5 -19.000000 1.000000 
23 -3 2 -5 -48.844654 -31.618338 
21 0 2 5 -52.304138 -60.105148 
16 -7 2 -3 -104.080780 -77.988487 
10 2 2 3 -40.000000 -20.000000 
21 0 2 -5 0.000000 -53.183598 
29 -3 2 0 -6.590014 0.000000 
14 -2 2 0 -13.244534 0.000000 
10 -2 2 -5 -20.000000 -37.540001 
9 0 1 5 -19.000000 0.000000 
28 3 9 0 7.160007 1.000000 
25 -4 2 5 -15.268048 -41.415245 
11 -7 2 -3 -80.000000 -60.000000 
70 0 10 -5 -32.171555 -13.169481 
70 0 10 5 -32.826683 0.201061 
70 0 10 3 -14.893221 0.000000 
28 -3 2 -3 -86.664764 -21.786850 
22 1 2 3 -20.000000 0.000000 
13 -1 2 5 -14.472940 -121.876801 
18 0 3 -3 -15.418339 -30.690538 
17 0 3 -5 -17.549999 -17.630001 
16 3 3 5 -20.000000 -20.000000 
28 3 8 0 -0.429249 1.000000 
20 0 2 3 -13.435840 -73.637039 
15 0 9 5 -19.000000 -19.000000 
27 2 9 0 -6.841829 0.000000 
26 -5 2 -3 -34.364143 -35.884998 
20 1 2 3 -57.639999 -46.631393 
20 2 2 0 -20.000000 0.000000 
28 1 7 0 4.717680 0.000000 
22 -2 2 -5 -17.549999 -15.950338 
20 1 2 -5 -40.000000 -39.000000 
24 -1 2 5 -95.384293 -91.287003 
23 -5 2 3 -44.582100 -27.451115 
15 -1 2 3 -135.616318 -3.138433 
10 0 2 5 -156.239334 -79.000000 
27 2 8 0 -54.282104 -19.670670 
22 -3 2 3 -3.734757 -36.110771 
20 -2 2 0 -30.313866 -5.220806 
19 -3 2 5 -45.618576 -60.502731 
20 -5 2 3 -98.155655 -103.922791 
19 -4 2 0 -38.122509 -77.244827 
17 -5 2 -3 -40.160587 -38.375237 
28 3 9 3 -9.499860 0.000000 
24 -5 2 -3 -58.856186 -51.037773 
20 2 2 3 -19.000000 -20.000000 
20 -3 2 5 -92.161880 -67.628685 
18 -3 2 3 -46.979485 -78.914948 
16 -4 2 -3 -89.700974 -88.968399 
14 -3 2 -5 -72.869247 1.000000 
19 -1 3 -3 0.000000 -14.486929 
17 0 3 5 4.972748 -35.639999 
16 3 3 3 -19.000000 -19.000000 
10 -3 2 0 -60.000000 -40.000000 
23 -3 2 5 4.316806 0.000000 
19 0 2 0 -15.421948 -28.373905 
17 0 2 -3 -17.630001 1.000000 
15 2 2 -5 -40.000000 -20.000000 
28 4 8 3 -8.307282 0.000000 
12 -1 2 5 -146.993011 -105.266090 
20 -1 3 3 -19.000000 -19.000000 
12 -6 2 3 -17.006300 -166.493149 
11 0 10 5 -37.209839 -38.763786 
11 0 10 3 -36.445446 -19.655790 
19 -1 2 0 0.000000 2.080659 
19 0 3 -3 -35.300537 -31.654438 
16 3 3 -5 -19.000000 0.000000 
16 -3 2 3 -35.354458 -50.174019 
14 0 2 0 -42.442463 -141.574768 
14 -1 2 -3 0.000000 -16.640682 
11 1 2 5 -40.000000 -40.000000 
12 -1 2 3 -46.281075 -94.685394 
17 -3 2 5 -87.717880 -90.102997 
17 -4 2 3 -48.422478 -85.008102 
18 -1 2 0 -52.608887 -62.440033 
19 -1 3 3 -20.000000 0.000000 
28 4 9 3 -5.901426 1.000000 
13 -2 2 5 -82.653954 -126.656441 
15 -1 9 3 -19.000000 0.000000 
14 -5 2 0 0.000000 -36.349533 
19 -2 2 0 -27.719658 -89.407700 
18 -3 2 -3 0.000000 -54.090752 
11 0 2 3 4.535761 -73.288467 
18 -2 2 5 -50.715851 -90.054047 
13 -3 2 -3 -89.666214 -133.758728 
16 -5 2 0 -57.730335 -66.814026 
14 -6 2 -3 -73.709869 -89.055222 
12 -4 2 -5 -76.906036 -53.390602 
28 2 8 0 -27.507772 -28.168633 
21 -2 2 3 -43.029961 -43.963097 
18 -2 2 -3 -32.873642 0.000000 
9 -1 2 3 -17.639999 0.000000 
19 -1 3 0 -20.000000 -20.000000 
10 -4 2 0 -80.000000 -80.000000 
10 -4 2 5 -59.000000 -40.000000 
15 -6 2 0 -70.639313 -50.168362 
21 -3 2 0 -35.352669 0.000000 
20 -4 2 -3 0.000000 -39.228016 
17 1 2 -5 -20.000000 0.000000 
18 -3 2 5 -22.415569 -68.239807 
9 -2 2 0 -16.639999 1.000000 
20 -1 3 -3 -19.000000 1.000000 
22 -6 2 5 -56.793823 -95.200851 
20 -4 2 3 -78.616035 -35.076344 
11 0 2 -5 -77.617455 -76.010399 
11 -8 2 0 -40.000000 -40.000000 
19 -2 2 -5 -35.629997 -38.090519 
22 -6 2 -3 -69.987770 -35.209343 
18 1 2 3 -39.000000 -37.439999 
28 2 8 5 -31.674820 -41.399712 
16 2 2 5 -59.000000 -59.000000 
22 -5 2 -5 -35.241398 0.000000 
16 0 2 5 -53.472378 -73.308098 
13 -3 2 0 -29.625738 -92.181900 
11 -3 2 -3 -33.416000 0.000000 
24 -5 2 3 -83.282295 -68.763382 
20 -3 2 -5 -74.849289 -73.694427 
23 -6 2 -3 -67.936584 3.346266 
21 -5 2 5 -81.530174 -52.625088 
19 -1 2 3 -30.610636 0.000000 
17 0 2 0 -31.751186 -93.665665 
15 0 2 -3 -33.974976 -89.428452 
13 1 2 -5 -17.539999 -20.000000 
13 0 9 -5 -19.000000 0.000000 
18 -1 2 3 -69.631653 -46.322094 
13 1 2 3 -39.000000 -76.949997 
21 -4 2 -5 -54.010437 0.000000 
13 1 2 5 -20.000000 -39.000000 
16 -3 2 5 0.000000 -103.901543 
22 -4 2 -5 0.000000 -35.216385 
20 -1 8 0 -20.000000 0.000000 
22 -6 2 0 -43.913139 -34.491627 
20 -6 2 -3 0.000000 -29.498768 
11 2 2 5 -60.000000 -60.000000 
18 -5 2 -5 -34.896408 0.000000 
21 -6 2 3 -58.822784 -107.824638 
11 0 2 0 -16.639999 1.000000 
10 0 2 -3 -39.000000 -19.000000 
15 -1 2 -5 -54.439995 0.000000 
28 5 10 3 -4.436265 -46.743416 
20 0 10 3 -19.000000 1.000000 
14 1 2 3 -19.000000 -19.000000 
14 -5 2 -5 -72.974197 -108.617584 
12 -1 2 -5 -57.150002 -35.639999 
21 -5 2 -3 -69.555656 -16.215675 
60 0 10 5 -23.974033 -27.145142 
28 -4 0 5 -22.508429 0.000000 
10 -3 2 -3 -19.000000 -20.000000 
11 -2 2 3 -96.360672 -76.917923 
15 -3 2 0 -86.026566 -107.776634 
14 -3 2 -3 -69.969955 0.000000 
18 -4 2 -5 -47.274761 -33.509285 
11 -2 2 0 -37.138500 -146.908630 
27 -5 2 5 -43.605118 -7.149843 
12 0 2 0 -34.649998 -16.564039 
10 -1 9 3 0.000000 -19.000000 
27 -5 2 0 -7.268997 -22.268703 
16 -2 2 -3 -55.081322 -32.612213 
12 1 2 5 -19.000000 -20.000000 
17 -3 2 3 -103.158813 -39.686752 
15 -5 2 0 -63.862831 -69.407166 
23 0 2 3 -57.984344 -32.563938 
21 -1 2 0 -28.587290 0.000000 
17 -1 3 5 0.000000 4.983607 
16 -2 3 5 4.917428 0.000000 
14 -4 3 3 -13.243137 -15.264439 
13 -5 3 0 -15.268048 0.000000 
11 -6 3 -3 -17.539999 0.000000 
11 -5 3 -5 -19.000000 0.000000 
12 -6 2 0 -76.799599 -163.242188 
12 -2 2 5 -53.526577 -74.330002 
22 -1 2 5 -79.642509 -41.294075 
24 -7 2 3 -29.308538 0.000000 
21 -4 2 0 -13.825729 1.000000 
20 -4 2 -5 -35.147728 -33.061470 
16 -3 3 5 -13.231976 0.000000 
13 -6 3 5 -17.539999 1.000000 
11 -6 3 3 -19.000000 0.000000 
16 -6 2 0 -62.845749 -54.002346 
13 -5 2 -3 -67.267120 -161.984436 
11 -3 2 3 -95.039993 -30.836742 
22 -1 2 3 -10.546665 -6.466472 
10 -1 2 0 -17.549999 -28.074280 
17 1 3 5 4.650788 0.000000 
15 1 3 3 4.326357 0.000000 
13 0 3 0 -13.244534 0.000000 
12 0 3 -3 -15.268048 0.000000 
10 1 3 -5 -17.539999 -20.000000 
10 -8 2 -5 -19.000000 0.000000 
28 3 9 -5 -91.969818 0.000000 
28 4 8 5 0.000000 -1.554992 
15 1 3 5 0.000000 -17.630001 
14 3 3 5 -20.000000 0.000000 
24 -6 2 -3 -46.612755 -30.839386 
28 -3 1 5 3.403800 1.000000 
22 -6 2 -5 -71.184235 -53.050114 
21 -3 2 -5 -55.439995 0.000000 
27 3 9 3 0.000000 -22.890291 
28 4 9 5 -47.930111 -33.815952 
10 -4 2 -3 -20.000000 0.000000 
11 2 2 3 -20.000000 -19.000000 
24 -7 2 -3 -51.114704 -48.971336 
12 -3 2 3 -77.797997 -94.809586 
20 0 2 -5 -20.000000 0.000000 
20 -3 2 3 0.000000 4.504010 
15 -4 2 0 -155.986221 -83.662552 
19 -3 2 -3 -33.518921 -16.388771 
17 -6 2 3 0.000000 -24.072735 
15 1 2 3 -20.000000 0.000000 
16 -2 3 3 4.666724 1.000000 
14 -3 3 0 -13.302626 1.000000 
13 -4 3 -3 -15.300539 0.000000 
11 -3 3 -5 -17.549999 0.000000 
9 0 3 -5 -19.000000 0.000000 
14 0 3 0 -26.274286 -13.429533 
13 0 3 -3 -29.658230 1.000000 
11 0 3 -5 -33.425999 0.000000 
18 -4 2 3 -46.987381 -79.166405 
28 -1 3 3 -5.766407 0.000000 
13 -4 2 3 0.000000 -70.379425 
12 -5 2 0 -92.736000 0.000000 
29 7 10 -5 0.000000 24.454903 
29 0 9 5 -7.981449 1.000000 
29 0 10 3 99.458038 0.000000 
29 0 10 0 109.954735 0.000000 
29 0 10 -3 93.487572 0.000000 
29 0 9 3 0.123731 0.000000 
29 0 9 -3 61.029785 0.000000 
29 0 9 -5 52.630333 0.000000 
10 0 10 0 -77.040001 -14.667938 
30 0 10 0 5.118871 0.000000 
28 0 9 -3 0.000000 4.405252 
30 1 10 5 4.769614 1.000000 
29 1 10 3 4.924806 0.000000 
23 -2 2 3 0.000000 -17.539999 
21 1 2 5 -19.000000 0.000000 
20 -1 3 5 -20.000000 0.000000 
11 -8 2 5 -20.000000 -20.000000 
12 0 3 5 -15.418339 0.000000 
10 0 3 3 -17.630001 1.000000 
10 1 3 0 -20.000000 0.000000 
10 -7 2 5 -19.000000 -20.000000 
23 0 2 -5 -76.940002 1.000000 
28 -3 1 0 0.000000 -51.828819 
20 0 3 0 0.000000 -19.000000 
12 -4 2 -3 -37.218597 -84.692741 
60 0 10 3 -8.573812 -25.032751 
26 -4 1 5 -52.609062 1.000000 
22 -5 2 0 0.000000 -71.894402 
20 1 11 -5 -40.864269 -37.327049 
17 -3 2 -3 0.000000 -30.962894 
29 1 9 5 0.000000 -19.000000 
20 -6 2 3 -76.787704 0.000000 
18 -1 3 5 0.000000 -19.000000 
11 -5 2 0 -19.000000 1.000000 
10 -5 2 3 -20.000000 0.000000 
26 -3 1 3 -29.461836 1.000000 
80 1 11 -5 -41.925293 0.000000 
25 -4 2 3 -28.728909 -48.693859 
17 -1 2 0 -30.587872 0.000000 
16 0 2 -5 0.000000 -74.239998 
16 -1 2 5 0.000000 -36.941177 
20 1 11 5 -45.226700 1.000000 
20 1 11 3 -33.401821 0.000000 
20 -6 2 -5 -35.868874 1.000000 
14 0 2 -3 0.000000 -34.730000 
11 -4 2 0 -19.000000 0.000000 
13 -4 2 5 -89.484825 1.000000 
16 -3 2 0 -84.468040 0.000000 
13 -2 2 -5 -95.029999 0.000000 
29 -3 1 -5 0.000000 -19.109381 
29 4 10 -5 -89.821274 -29.831573 
9 -2 2 -3 0.000000 -19.000000 
21 -2 2 -3 -52.063232 -90.412155 
18 -6 2 0 0.000000 -55.727242 
9 -1 2 0 -27.153625 1.000000 
16 2 3 5 -34.649998 0.000000 
22 1 2 -5 -19.000000 1.000000 
