88 
1024 184 568 -5 3.000000 1.000000 
984 148 568 -5 1.000000 8.000000 
944 240 568 5 9.000000 1.000000 
904 268 568 3 6.000000 0.000000 
864 232 568 0 8.000000 2.000000 
824 132 568 -3 -10.000000 5.000000 
784 -32 568 -5 -9.000000 0.000000 
784 224 568 5 5.000000 0.000000 
744 252 568 3 -4.000000 6.000000 
704 216 568 0 6.000000 0.000000 
664 116 568 -3 -6.000000 -5.000000 
624 208 568 5 3.000000 0.000000 
584 236 568 3 -16.000000 -7.000000 
544 328 568 5 0.000000 3.000000 
504 420 568 5 -9.000000 -9.000000 
464 448 568 3 1.000000 -7.000000 
424 540 568 5 -28.000000 -20.000000 
384 548 568 3 -28.000000 -19.000000 
384 548 568 5 -38.000000 -40.000000 
464 512 568 5 1.000000 -7.000000 
424 548 568 5 -29.000000 -48.000000 
424 540 568 3 -18.000000 -18.000000 
384 504 568 0 -10.000000 -8.000000 
544 200 568 0 2.000000 0.000000 
504 100 568 -3 -18.000000 3.000000 
464 -64 568 -5 0.000000 -8.000000 
424 28 568 5 -20.000000 -29.000000 
384 56 568 3 -10.000000 -29.000000 
344 148 568 5 -19.000000 -19.000000 
304 176 568 3 -10.000000 -9.000000 
264 140 568 0 0.000000 -9.000000 
624 -48 568 -5 0.000000 4.000000 
584 44 568 5 5.000000 -8.000000 
544 136 568 5 0.000000 3.000000 
504 228 568 5 2.000000 -9.000000 
464 320 568 5 1.000000 0.000000 
424 348 568 3 -18.000000 -18.000000 
384 312 568 0 -8.000000 -10.000000 
384 440 568 5 -8.000000 -8.000000 
464 256 568 3 1.000000 2.000000 
424 220 568 0 -19.000000 -10.000000 
384 120 568 -3 -9.000000 -10.000000 
384 312 568 5 -10.000000 -18.000000 
544 72 568 3 0.000000 4.000000 
504 164 568 5 3.000000 -9.000000 
464 192 568 3 -7.000000 0.000000 
424 156 568 0 -28.000000 -9.000000 
384 248 568 5 -8.000000 1.000000 
384 56 568 -3 -18.000000 -19.000000 
464 256 568 5 1.000000 2.000000 
424 284 568 3 -18.000000 -10.000000 
384 376 568 5 -10.000000 -9.000000 
384 248 568 0 -8.000000 -10.000000 
424 348 568 5 -10.000000 1.000000 
384 376 568 3 0.000000 -9.000000 
384 120 568 5 -19.000000 -19.000000 
344 148 568 3 -9.000000 -10.000000 
304 112 568 0 -9.000000 1.000000 
464 192 568 5 -7.000000 3.000000 
424 220 568 3 -20.000000 -20.000000 
384 184 568 0 -19.000000 -10.000000 
344 84 568 -3 -10.000000 -9.000000 
304 176 568 5 1.000000 -8.000000 
424 284 568 5 -19.000000 -19.000000 
384 312 568 3 -9.000000 -18.000000 
704 344 568 5 5.000000 1.000000 
664 372 568 3 1.000000 4.000000 
624 464 568 5 2.000000 0.000000 
584 492 568 3 -7.000000 2.000000 
544 456 568 0 3.000000 1.000000 
504 356 568 -3 -17.000000 -17.000000 
464 192 568 -5 0.000000 -7.000000 
464 448 568 5 -19.000000 -8.000000 
424 476 568 3 -9.000000 -38.000000 
384 440 568 0 -8.000000 1.000000 
504 548 568 5 -27.000000 -8.000000 
464 548 568 5 2.000000 -17.000000 
424 548 568 3 2.000000 -30.000000 
384 512 568 0 -8.000000 1.000000 
464 548 568 3 -27.000000 -29.000000 
424 512 568 0 -10.000000 -40.000000 
384 412 568 -3 0.000000 -9.000000 
544 548 568 5 -8.000000 -16.000000 
504 548 568 3 -7.000000 -18.000000 
464 512 568 0 3.000000 1.000000 
424 412 568 -3 -10.000000 -18.000000 
384 248 568 -5 0.000000 -8.000000 
384 504 568 5 -8.000000 -8.000000 
